Problem URL: https://codeforces.com/contest/1350/problem/E
I/O statements for E Orac and Game of Life 

---------------------------------------------------
 Input 
3 3 3
000
111
000
1 1 1
2 2 2
3 3 3

 Output 
1
1
1
---------------------------------------------------
---------------------------------------------------
 Input 
5 2 2
01
10
01
10
01
1 1 4
5 1 4

 Output 
0
0
---------------------------------------------------
---------------------------------------------------
 Input 
5 5 3
01011
10110
01101
11010
10101
1 1 4
1 2 3
5 5 3

 Output 
1
0
1
---------------------------------------------------
---------------------------------------------------
 Input 
1 1 3
0
1 1 1
1 1 2
1 1 3

 Output 
0
0
0
---------------------------------------------------