Problem URL: https://codeforces.com/contest/1389/problem/F
I/O statements for F Bicolored Segments 

---------------------------------------------------
 Input 
3
1 3 1
4 6 2
2 5 1

 Output 
2
---------------------------------------------------
---------------------------------------------------
 Input 
5
5 8 1
1 3 2
3 4 2
6 6 1
2 10 2

 Output 
4
---------------------------------------------------
---------------------------------------------------
 Input 
7
19 20 1
13 15 2
6 11 2
4 10 1
14 17 1
13 13 2
5 9 1

 Output 
5
---------------------------------------------------